2267
59617
46413
86654
42325
76233
79486
96719
93769
45725
82202
89881
57518
76393
99614
10049
45305
71565
81619
8188
10990
44393
1447
74341
94573
60807
46533
17373
12754
98440
41050
360
10686
28419
52063
83270
42960
773
40164
65949
64180
33006
27567
3388
20828
99752
92160
73737
28179
53140
71530
99667
98276
97834
67725
81063
36007
90914
94524
89766
20226
35309
81918
54522
39087
41357
78681
95478
41655
34565
93240
27036
72625
81291
65098
66733
68616
44944
87507
84692
1022
96611
20999
89186
91577
6413
65909
39736
23624
19289
29412
15271
40229
87512
84182
30845
27507
40975
60783
30043
51338
81273
50451
52184
33452
22311
15807
95113
32036
24745
44281
41433
6872
90669
8246
65626
58093
30579
9827
83668
56097
51050
71744
41735
54192
45595
66249
76325
3605
51219
46583
88795
5154
63700
70400
63386
9765
71439
51995
20836
80251
69424
71721
54660
65227
99265
424
18283
82395
78321
84697
4893
61948
95463
20675
36084
12739
8478
7788
36214
50962
41772
41996
22175
18144
83032
40820
84048
54108
43000
74542
17696
18703
83670
87143
73642
30165
4713
54708
12278
92385
40371
78678
20097
80632
31528
26623
50492
97158
56799
70626
70670
60899
67436
52992
57345
76186
96098
42909
24
65382
4920
3925
80994
47927
92725
25239
37774
32786
53383
5677
76133
24329
896
59004
78610
55504
88028
95287
86092
10602
7191
65408
44219
58884
28380
53466
5682
33812
10263
51264
54812
65476
21370
29793
63219
78328
89059
21432
39291
47912
6315
65478
98323
40336
66699
45763
27736
68099
98272
31701
95308
53801
2140
53471
71463
33180
10089
332
86480
93535
58969
6457
5922
56536
26673
51234
15376
90980
73292
27592
45399
70152
36901
44324
52260
90034
61317
4224
94090
49271
40656
60108
46583
16130
88751
30357
20181
98322
6200
1275
11271
4348
81726
65078
55335
72444
59940
5338
33167
44281
78426
75847
46684
73373
30124
46543
47338
45388
46026
54231
83603
80397
40699
96952
23888
97575
50201
93498
53865
59997
8850
10184
217
10475
32191
75753
39209
33165
478
17730
6086
51263
25064
32267
47518
93354
68714
49161
72677
84855
2178
5050
40351
57775
15482
78751
31178
81071
43440
50841
88880
45080
43773
32720
72666
13765
7936
77303
45916
58784
82798
9584
14865
46353
61114
94125
72583
76040
75072
60172
75798
77307
46569
3836
36811
7240
84640
40015
31389
75881
7669
17355
24492
11084
42472
95908
98862
31305
48614
637
87778
48047
59921
58675
59534
85577
4946
15548
87450
50561
91304
35229
47348
38171
84182
82810
88024
14533
19502
87410
74610
89848
64810
19477
483
69644
75453
68904
71985
2108
69535
62429
85787
34973
98039
59033
64489
41027
92125
36642
12335
60217
57754
96562
88919
37560
79638
44315
7976
10054
41499
47858
92283
63329
69621
81215
77906
67597
19110
15701
34988
25480
27295
72139
37090
74866
54301
69196
19553
40802
6787
40197
31405
45122
38364
7212
74696
51909
62220
10228
38264
86900
51854
92756
25941
9721
78684
78263
90606
6213
81014
95783
32739
70345
55743
47644
31060
98187
77686
45823
19708
57113
26183
44992
97684
44220
44280
85623
23500
12834
21151
97228
53096
90474
3083
34131
67142
72658
28105
19356
13378
64316
15389
78891
73451
26299
64996
83934
31774
13236
47296
40885
80129
49082
96936
30395
77596
48110
64381
70267
15751
49724
72
3465
2738
17634
23664
81520
59032
32490
8307
30923
85010
17813
96859
6796
92550
44007
78402
54516
5192
3602
99161
79132
25605
94891
2684
55692
33821
24542
74218
44204
41682
32484
80603
69255
86026
86241
9432
21557
4155
55652
75066
49353
80397
88212
38406
89504
30451
30261
71230
84012
18244
49788
66446
54473
74323
48847
76009
96821
711
12842
30422
11483
8852
89077
34960
19544
27160
86587
73493
33790
47965
44207
95741
32905
46200
88366
21151
16747
28037
64552
22789
99830
93014
71135
34288
77428
99996
65653
54339
25271
75562
81249
30573
22520
55079
23371
40181
21807
78430
86913
87646
45622
32679
90435
59737
71887
46857
81226
95024
13857
20819
35647
84221
95785
37004
3525
58613
52574
21902
92786
84765
82528
79157
63555
22543
17370
8639
49357
50019
85017
53660
55872
91780
75381
14232
94522
51706
21123
18897
45220
38052
63087
46797
19986
28064
36121
11941
35141
72398
49180
58730
36947
93880
87746
77795
89718
82668
73090
5338
45513
33444
42506
42315
46046
33494
4964
84191
28979
21666
80840
95972
27392
11552
92796
69151
2846
57535
79859
50851
25922
33656
13774
98020
5979
12669
71494
70866
77254
83468
17128
21588
45573
59668
83057
44654
74182
6444
35119
84188
62269
17575
66246
90616
93979
75312
99443
8297
90320
24548
80694
76451
59654
12765
61027
85317
63008
55550
56358
45817
91360
37789
38729
17682
8885
13282
38950
98172
3919
2321
11118
36681
22274
18199
78281
11645
13876
70298
52344
7
61485
49992
7926
80913
48209
71451
65497
83215
78740
83918
18935
41591
48699
3553
37857
37519
838
75984
27543
72774
66124
62872
328
4350
683
54883
30488
18536
70699
33369
61243
72851
77208
24079
88843
98736
24796
85103
85023
30084
37612
10483
11020
17139
14559
45791
55543
28418
61071
18617
54776
3925
33193
89713
11537
51973
40378
45299
17269
2175
24976
13992
85251
21369
25104
83047
34539
70844
35621
79917
51279
72195
62473
11560
97484
96328
98200
23125
34
51082
237
29642
9570
85178
71576
28379
68186
52383
90479
43330
54951
95035
68231
42191
4910
80815
98681
2072
64737
54414
87159
70603
98097
87293
90709
40968
61098
94707
81156
9809
74120
37495
26968
56578
14183
38102
78022
513
2311
2307
9898
84692
45842
34749
36498
82034
11507
17936
35238
35239
9544
49251
64348
90044
90468
42575
54167
72828
46379
88700
11497
19038
56273
11593
44174
81357
1499
37123
63920
40310
77065
80462
89049
13213
85207
20403
84346
56071
76811
18471
99214
9678
90357
656
92367
29021
47605
34794
58559
92402
89230
50270
81689
50948
41586
4360
13259
36939
16211
93992
61873
87087
52254
25113
52496
40742
29330
92435
70980
2473
78331
18112
8030
69459
78924
70524
53293
63928
71921
78005
84588
11389
95590
76388
6131
68372
92406
80528
61132
91691
45073
18947
10180
15052
9254
85296
92906
94632
14368
38208
22791
98316
83531
77998
15089
56703
56252
66226
